1
2
3
4
5
6
7
8
9
10
11
12
13
14
15
16
17
18
19
20
21
22
23
24
25
26
27
28
29
30
31
32
33
34
35
36
37
38
39
40
41
42
43
44
45
46
47
48
49
50
51
52
53
54
55
56
57
58
59
60
61
62
63
64
65
66
67
68
69
70
71
72
73
74
75
76
77
78
79
80
81
82
83
84
85
86
87
88
89
90
91
92
93
94
95
96
97
98
99
100
101
102
103
104
105
106
107
108
109
110
111
112
113
114
115
116
117
118
119
120
121
122
123
124
125
126
127
128
129
130
131
132
133
134
135
136
137
138
139
140
141
142
143
144
145
146
147
148
149
150
151
152
153
154
155
156
157
158
159
160
161
162
163
164
165
166
167
168
169
170
171
172
173
174
175
176
177
178
179
180
181
182
183
184
185
186
187
188
189
190
191
192
193
194
195
196
197
198
199
200
201
202
203
204
205
206
207
208
209
210
211
212
213
214
215
271
272
273
274
275
278
279
326
327
328
329
352
353
354
355
356
357
358
359
360
361
362
363
364
365
366
367
368
369
370
371
731
732
733
734
735
736
737
738
739
740
741
742
743
744
745
746
747
748
749
750
751
752
753
754
755
756
757
759
760
761
762
763
764
765
766
767
768
769
770
771
772
773
774
775
776
777
778
779
780
781
782
783
784
785
786
787
788
789
790
791
792
793
794
795
796
797
798
799
800
801
802
803
1017
1018
1019
1020
1021
1022
1023
1024
1025
1026
1027
1028
1029
1030
1031
1032
1033
1034
1035
1036
1037
1038
1039
1040
1042
1043
1044
1045
1046
1047
1048
1049
1050
1051
1052
1053
1054
1055
1056
1057
1058
1059
1060
1061
1062
1063
1064
1065
1066
1067
1069
1070
1071
1072
1073
1074
1075
1076
1077
1079
1102
1103
1104
1105
1109
1117
1118
1119
1120
1121
1123
1124
1125
1126
1127
1128
1129
1130
1131
1132
1133
1135
1138
1139
1143
1144
1145
1146
1148
1149
1150
1151
1152
1153
1155
1156
1157
1158
1159
1160
1161
1162
1163
1164
1165
1166
1167
1168
1169
1170
1171
1172
1173
1174
1175
1176
1177
1178
1179
1180
1181
1182
1183
1184
1185
1186
1187
1188
1189
1238
1277
1303
1319
1320
1526
1580
1581
1582
1583
1585
1586
1587
1588
1589
1590
1591
1592
1593
1594
1595
1596
1603
1606
1607
1608
1609
1610
1611
1612
1613
1614
1615
1616
1617
1621
1622
1623
1624
1625
1626
1627
1628
1675
1703
1708
1716
1721
1722
1724
1727
1729
1730
1731
1732
1733
1736
1738
1739
1740
1742
1745
1750
1758
1760
1761
1763
1767
1769
1775
1776
1783
1791
1793
1798
1807
1809
1812
